  0.0000    1    1.000   1.0000           CS1
  1.0000    0    4.000   1.0000          NULL 
  5.0000    8    1.000   1.0000           ND1
  6.0000    0    4.000   1.0000          NULL 
 10.0000    6    1.000   1.0000           NS1
 11.0000    0    5.000   1.0000          NULL 
 16.0000   10    1.000   1.0000         NSing
 17.0000    0    7.000   1.0000          NULL 
 24.0000    7    1.000   1.0000           NS2
 25.0000    0    4.000   1.0000          NULL 
 29.0000    7    1.000   1.0000           NS2
 30.0000    0    4.000   1.0000          NULL 
 34.0000    3    1.000   1.0000           CD1
 35.0000    0    5.000   1.0000          NULL 
 40.0000   11    1.000   1.0000         NOVEL
 41.0000    0    4.000   1.0000          NULL 
 45.0000    8    1.000   1.0000           ND1
 46.0000    0    5.000   1.0000          NULL 
 51.0000   11    1.000   1.0000         NOVEL
 52.0000    0    5.000   1.0000          NULL 
 57.0000    6    1.000   1.0000           NS1
 58.0000    0    4.000   1.0000          NULL 
 62.0000    4    1.000   1.0000           CD2
 63.0000    0    7.000   1.0000          NULL 
 70.0000    7    1.000   1.0000           NS2
 71.0000    0    5.000   1.0000          NULL 
 76.0000    9    1.000   1.0000           ND2
 77.0000    0    6.000   1.0000          NULL 
 83.0000   10    1.000   1.0000         NSing
 84.0000    0    4.000   1.0000          NULL 
 88.0000    2    1.000   1.0000           CS2
 89.0000    0    5.000   1.0000          NULL 
 94.0000    1    1.000   1.0000           CS1
 95.0000    0    5.000   1.0000          NULL 
100.0000   10    1.000   1.0000         NSing
101.0000    0    5.000   1.0000          NULL 
106.0000    5    1.000   1.0000         CSing
107.0000    0    4.000   1.0000          NULL 
111.0000   11    1.000   1.0000         NOVEL
112.0000    0    4.000   1.0000          NULL 
116.0000   10    1.000   1.0000         NSing
117.0000    0    4.000   1.0000          NULL 
121.0000    5    1.000   1.0000         CSing
122.0000    0    5.000   1.0000          NULL 
127.0000    9    1.000   1.0000           ND2
128.0000    0    4.000   1.0000          NULL 
132.0000   11    1.000   1.0000         NOVEL
133.0000    0    4.000   1.0000          NULL 
137.0000    4    1.000   1.0000           CD2
138.0000    0    4.000   1.0000          NULL 
142.0000   11    1.000   1.0000         NOVEL
143.0000    0    6.000   1.0000          NULL 
149.0000   10    1.000   1.0000         NSing
150.0000    0    4.000   1.0000          NULL 
154.0000    2    1.000   1.0000           CS2
155.0000    0    5.000   1.0000          NULL 
160.0000   10    1.000   1.0000         NSing
161.0000    0    4.000   1.0000          NULL 
165.0000    9    1.000   1.0000           ND2
166.0000    0    4.000   1.0000          NULL 
170.0000    8    1.000   1.0000           ND1
171.0000    0    5.000   1.0000          NULL 
176.0000    4    1.000   1.0000           CD2
177.0000    0    9.000   1.0000          NULL 
186.0000    3    1.000   1.0000           CD1
187.0000    0    4.000   1.0000          NULL 
191.0000   10    1.000   1.0000         NSing
192.0000    0    5.000   1.0000          NULL 
197.0000   11    1.000   1.0000         NOVEL
198.0000    0    4.000   1.0000          NULL 
202.0000    2    1.000   1.0000           CS2
203.0000    0    7.000   1.0000          NULL 
210.0000    1    1.000   1.0000           CS1
211.0000    0    4.000   1.0000          NULL 
215.0000   10    1.000   1.0000         NSing
216.0000    0    8.000   1.0000          NULL 
224.0000    3    1.000   1.0000           CD1
225.0000    0    4.000   1.0000          NULL 
229.0000    5    1.000   1.0000         CSing
230.0000    0    7.000   1.0000          NULL 
237.0000    5    1.000   1.0000         CSing
238.0000    0    4.000   1.0000          NULL 
242.0000    1    1.000   1.0000           CS1
243.0000    0    6.000   1.0000          NULL 
249.0000    4    1.000   1.0000           CD2
250.0000    0    5.000   1.0000          NULL 
255.0000    5    1.000   1.0000         CSing
256.0000    0    4.000   1.0000          NULL 
260.0000    6    1.000   1.0000           NS1
261.0000    0    5.000   1.0000          NULL 
266.0000    2    1.000   1.0000           CS2
267.0000    0    7.000   1.0000          NULL 
274.0000    5    1.000   1.0000         CSing
275.0000    0    7.000   1.0000          NULL 
282.0000    5    1.000   1.0000         CSing
283.0000    0    5.000   1.0000          NULL 
288.0000    8    1.000   1.0000           ND1
289.0000    0    4.000   1.0000          NULL 
293.0000   11    1.000   1.0000         NOVEL
294.0000    0    5.000   1.0000          NULL 
299.0000    9    1.000   1.0000           ND2
300.0000    0    5.000   1.0000          NULL 
305.0000    5    1.000   1.0000         CSing
306.0000    0    4.000   1.0000          NULL 
310.0000    7    1.000   1.0000           NS2
311.0000    0    8.000   1.0000          NULL 
319.0000    6    1.000   1.0000           NS1
320.0000    0    6.000   1.0000          NULL 
326.0000    3    1.000   1.0000           CD1
327.0000    0    4.000   1.0000          NULL 
331.0000   11    1.000   1.0000         NOVEL
332.0000    0    4.000   1.0000          NULL 
