  0.0000    8    1.000   1.0000           ND1
  1.0000    0    4.000   1.0000          NULL 
  5.0000   10    1.000   1.0000         NSing
  6.0000    0    7.000   1.0000          NULL 
 13.0000    8    1.000   1.0000           ND1
 14.0000    0    5.000   1.0000          NULL 
 19.0000    4    1.000   1.0000           CD2
 20.0000    0    5.000   1.0000          NULL 
 25.0000    1    1.000   1.0000           CS1
 26.0000    0    4.000   1.0000          NULL 
 30.0000   11    1.000   1.0000         NOVEL
 31.0000    0    4.000   1.0000          NULL 
 35.0000    5    1.000   1.0000         CSing
 36.0000    0    4.000   1.0000          NULL 
 40.0000    6    1.000   1.0000           NS1
 41.0000    0    4.000   1.0000          NULL 
 45.0000    6    1.000   1.0000           NS1
 46.0000    0    6.000   1.0000          NULL 
 52.0000    8    1.000   1.0000           ND1
 53.0000    0    4.000   1.0000          NULL 
 57.0000    4    1.000   1.0000           CD2
 58.0000    0    4.000   1.0000          NULL 
 62.0000    5    1.000   1.0000         CSing
 63.0000    0    4.000   1.0000          NULL 
 67.0000    7    1.000   1.0000           NS2
 68.0000    0    5.000   1.0000          NULL 
 73.0000   11    1.000   1.0000         NOVEL
 74.0000    0    4.000   1.0000          NULL 
 78.0000    8    1.000   1.0000           ND1
 79.0000    0    5.000   1.0000          NULL 
 84.0000    9    1.000   1.0000           ND2
 85.0000    0    4.000   1.0000          NULL 
 89.0000    9    1.000   1.0000           ND2
 90.0000    0    4.000   1.0000          NULL 
 94.0000    5    1.000   1.0000         CSing
 95.0000    0    5.000   1.0000          NULL 
100.0000    3    1.000   1.0000           CD1
101.0000    0    5.000   1.0000          NULL 
106.0000    1    1.000   1.0000           CS1
107.0000    0    4.000   1.0000          NULL 
111.0000    1    1.000   1.0000           CS1
112.0000    0    4.000   1.0000          NULL 
116.0000   11    1.000   1.0000         NOVEL
117.0000    0    4.000   1.0000          NULL 
121.0000    1    1.000   1.0000           CS1
122.0000    0    4.000   1.0000          NULL 
126.0000    9    1.000   1.0000           ND2
127.0000    0    5.000   1.0000          NULL 
132.0000    2    1.000   1.0000           CS2
133.0000    0    4.000   1.0000          NULL 
137.0000    9    1.000   1.0000           ND2
138.0000    0    6.000   1.0000          NULL 
144.0000   10    1.000   1.0000         NSing
145.0000    0    8.000   1.0000          NULL 
153.0000    7    1.000   1.0000           NS2
154.0000    0    6.000   1.0000          NULL 
160.0000    5    1.000   1.0000         CSing
161.0000    0    5.000   1.0000          NULL 
166.0000    5    1.000   1.0000         CSing
167.0000    0    4.000   1.0000          NULL 
171.0000   11    1.000   1.0000         NOVEL
172.0000    0    4.000   1.0000          NULL 
176.0000    2    1.000   1.0000           CS2
177.0000    0    5.000   1.0000          NULL 
182.0000   10    1.000   1.0000         NSing
183.0000    0    4.000   1.0000          NULL 
187.0000    7    1.000   1.0000           NS2
188.0000    0    5.000   1.0000          NULL 
193.0000    3    1.000   1.0000           CD1
194.0000    0    5.000   1.0000          NULL 
199.0000    2    1.000   1.0000           CS2
200.0000    0    4.000   1.0000          NULL 
204.0000   10    1.000   1.0000         NSing
205.0000    0    4.000   1.0000          NULL 
209.0000   10    1.000   1.0000         NSing
210.0000    0    5.000   1.0000          NULL 
215.0000    7    1.000   1.0000           NS2
216.0000    0    4.000   1.0000          NULL 
220.0000   11    1.000   1.0000         NOVEL
221.0000    0    6.000   1.0000          NULL 
227.0000    4    1.000   1.0000           CD2
228.0000    0    9.000   1.0000          NULL 
237.0000   11    1.000   1.0000         NOVEL
238.0000    0    9.000   1.0000          NULL 
247.0000   10    1.000   1.0000         NSing
248.0000    0    4.000   1.0000          NULL 
252.0000    2    1.000   1.0000           CS2
253.0000    0    6.000   1.0000          NULL 
259.0000    5    1.000   1.0000         CSing
260.0000    0    4.000   1.0000          NULL 
264.0000   10    1.000   1.0000         NSing
265.0000    0    6.000   1.0000          NULL 
271.0000    3    1.000   1.0000           CD1
272.0000    0    6.000   1.0000          NULL 
278.0000   11    1.000   1.0000         NOVEL
279.0000    0    4.000   1.0000          NULL 
283.0000    3    1.000   1.0000           CD1
284.0000    0    5.000   1.0000          NULL 
289.0000    4    1.000   1.0000           CD2
290.0000    0    5.000   1.0000          NULL 
295.0000    6    1.000   1.0000           NS1
296.0000    0    7.000   1.0000          NULL 
303.0000   11    1.000   1.0000         NOVEL
304.0000    0    6.000   1.0000          NULL 
310.0000    5    1.000   1.0000         CSing
311.0000    0    4.000   1.0000          NULL 
315.0000    5    1.000   1.0000         CSing
316.0000    0    6.000   1.0000          NULL 
322.0000    6    1.000   1.0000           NS1
323.0000    0    7.000   1.0000          NULL 
330.0000   10    1.000   1.0000         NSing
331.0000    0    5.000   1.0000          NULL 
