  0.0000    7    1.000   1.0000           NS2
  1.0000    0    5.000   1.0000          NULL 
  6.0000    5    1.000   1.0000         CSing
  7.0000    0    4.000   1.0000          NULL 
 11.0000    9    1.000   1.0000           ND2
 12.0000    0    4.000   1.0000          NULL 
 16.0000    1    1.000   1.0000           CS1
 17.0000    0    4.000   1.0000          NULL 
 21.0000    9    1.000   1.0000           ND2
 22.0000    0    5.000   1.0000          NULL 
 27.0000   10    1.000   1.0000         NSing
 28.0000    0    5.000   1.0000          NULL 
 33.0000    9    1.000   1.0000           ND2
 34.0000    0    4.000   1.0000          NULL 
 38.0000   10    1.000   1.0000         NSing
 39.0000    0    4.000   1.0000          NULL 
 43.0000    5    1.000   1.0000         CSing
 44.0000    0    4.000   1.0000          NULL 
 48.0000    7    1.000   1.0000           NS2
 49.0000    0    5.000   1.0000          NULL 
 54.0000   10    1.000   1.0000         NSing
 55.0000    0    5.000   1.0000          NULL 
 60.0000   11    1.000   1.0000         NOVEL
 61.0000    0    4.000   1.0000          NULL 
 65.0000    1    1.000   1.0000           CS1
 66.0000    0    4.000   1.0000          NULL 
 70.0000    2    1.000   1.0000           CS2
 71.0000    0    4.000   1.0000          NULL 
 75.0000    3    1.000   1.0000           CD1
 76.0000    0    6.000   1.0000          NULL 
 82.0000   10    1.000   1.0000         NSing
 83.0000    0    5.000   1.0000          NULL 
 88.0000    6    1.000   1.0000           NS1
 89.0000    0    4.000   1.0000          NULL 
 93.0000    3    1.000   1.0000           CD1
 94.0000    0    5.000   1.0000          NULL 
 99.0000    8    1.000   1.0000           ND1
100.0000    0    5.000   1.0000          NULL 
105.0000    5    1.000   1.0000         CSing
106.0000    0    5.000   1.0000          NULL 
111.0000   11    1.000   1.0000         NOVEL
112.0000    0    4.000   1.0000          NULL 
116.0000   11    1.000   1.0000         NOVEL
117.0000    0    4.000   1.0000          NULL 
121.0000    5    1.000   1.0000         CSing
122.0000    0    4.000   1.0000          NULL 
126.0000   11    1.000   1.0000         NOVEL
127.0000    0    7.000   1.0000          NULL 
134.0000    5    1.000   1.0000         CSing
135.0000    0    5.000   1.0000          NULL 
140.0000    4    1.000   1.0000           CD2
141.0000    0    7.000   1.0000          NULL 
148.0000    4    1.000   1.0000           CD2
149.0000    0    4.000   1.0000          NULL 
153.0000   11    1.000   1.0000         NOVEL
154.0000    0    5.000   1.0000          NULL 
159.0000    7    1.000   1.0000           NS2
160.0000    0    4.000   1.0000          NULL 
164.0000    5    1.000   1.0000         CSing
165.0000    0    4.000   1.0000          NULL 
169.0000    3    1.000   1.0000           CD1
170.0000    0    4.000   1.0000          NULL 
174.0000   10    1.000   1.0000         NSing
175.0000    0    4.000   1.0000          NULL 
179.0000   11    1.000   1.0000         NOVEL
180.0000    0    4.000   1.0000          NULL 
184.0000    8    1.000   1.0000           ND1
185.0000    0    6.000   1.0000          NULL 
191.0000    1    1.000   1.0000           CS1
192.0000    0    5.000   1.0000          NULL 
197.0000    6    1.000   1.0000           NS1
198.0000    0    7.000   1.0000          NULL 
205.0000    9    1.000   1.0000           ND2
206.0000    0    9.000   1.0000          NULL 
215.0000    5    1.000   1.0000         CSing
216.0000    0    5.000   1.0000          NULL 
221.0000    7    1.000   1.0000           NS2
222.0000    0    7.000   1.0000          NULL 
229.0000    6    1.000   1.0000           NS1
230.0000    0    6.000   1.0000          NULL 
236.0000    4    1.000   1.0000           CD2
237.0000    0    6.000   1.0000          NULL 
243.0000    5    1.000   1.0000         CSing
244.0000    0    4.000   1.0000          NULL 
248.0000   10    1.000   1.0000         NSing
249.0000    0    5.000   1.0000          NULL 
254.0000    4    1.000   1.0000           CD2
255.0000    0    4.000   1.0000          NULL 
259.0000    3    1.000   1.0000           CD1
260.0000    0    4.000   1.0000          NULL 
264.0000   11    1.000   1.0000         NOVEL
265.0000    0    6.000   1.0000          NULL 
271.0000    2    1.000   1.0000           CS2
272.0000    0    5.000   1.0000          NULL 
277.0000    8    1.000   1.0000           ND1
278.0000    0    4.000   1.0000          NULL 
282.0000    2    1.000   1.0000           CS2
283.0000    0    6.000   1.0000          NULL 
289.0000    2    1.000   1.0000           CS2
290.0000    0    5.000   1.0000          NULL 
295.0000    1    1.000   1.0000           CS1
296.0000    0    8.000   1.0000          NULL 
304.0000    8    1.000   1.0000           ND1
305.0000    0    6.000   1.0000          NULL 
311.0000    6    1.000   1.0000           NS1
312.0000    0    4.000   1.0000          NULL 
316.0000   10    1.000   1.0000         NSing
317.0000    0    8.000   1.0000          NULL 
325.0000   10    1.000   1.0000         NSing
326.0000    0    4.000   1.0000          NULL 
330.0000   11    1.000   1.0000         NOVEL
331.0000    0    5.000   1.0000          NULL 
