  0.0000    9    1.000   1.0000           ND2
  1.0000    0    5.000   1.0000          NULL 
  6.0000   11    1.000   1.0000         NOVEL
  7.0000    0    5.000   1.0000          NULL 
 12.0000    2    1.000   1.0000           CS2
 13.0000    0    9.000   1.0000          NULL 
 22.0000    4    1.000   1.0000           CD2
 23.0000    0    4.000   1.0000          NULL 
 27.0000    5    1.000   1.0000         CSing
 28.0000    0    5.000   1.0000          NULL 
 33.0000    4    1.000   1.0000           CD2
 34.0000    0    4.000   1.0000          NULL 
 38.0000    4    1.000   1.0000           CD2
 39.0000    0    9.000   1.0000          NULL 
 48.0000   10    1.000   1.0000         NSing
 49.0000    0    7.000   1.0000          NULL 
 56.0000    7    1.000   1.0000           NS2
 57.0000    0    5.000   1.0000          NULL 
 62.0000    5    1.000   1.0000         CSing
 63.0000    0    4.000   1.0000          NULL 
 67.0000    7    1.000   1.0000           NS2
 68.0000    0    4.000   1.0000          NULL 
 72.0000    8    1.000   1.0000           ND1
 73.0000    0    4.000   1.0000          NULL 
 77.0000   10    1.000   1.0000         NSing
 78.0000    0    4.000   1.0000          NULL 
 82.0000    9    1.000   1.0000           ND2
 83.0000    0    4.000   1.0000          NULL 
 87.0000   10    1.000   1.0000         NSing
 88.0000    0    6.000   1.0000          NULL 
 94.0000    5    1.000   1.0000         CSing
 95.0000    0    4.000   1.0000          NULL 
 99.0000    5    1.000   1.0000         CSing
100.0000    0    5.000   1.0000          NULL 
105.0000    3    1.000   1.0000           CD1
106.0000    0    7.000   1.0000          NULL 
113.0000    6    1.000   1.0000           NS1
114.0000    0    6.000   1.0000          NULL 
120.0000    2    1.000   1.0000           CS2
121.0000    0    6.000   1.0000          NULL 
127.0000    6    1.000   1.0000           NS1
128.0000    0    6.000   1.0000          NULL 
134.0000    4    1.000   1.0000           CD2
135.0000    0    4.000   1.0000          NULL 
139.0000    6    1.000   1.0000           NS1
140.0000    0    4.000   1.0000          NULL 
144.0000   11    1.000   1.0000         NOVEL
145.0000    0    4.000   1.0000          NULL 
149.0000    2    1.000   1.0000           CS2
150.0000    0    4.000   1.0000          NULL 
154.0000    7    1.000   1.0000           NS2
155.0000    0    4.000   1.0000          NULL 
159.0000   10    1.000   1.0000         NSing
160.0000    0    4.000   1.0000          NULL 
164.0000    3    1.000   1.0000           CD1
165.0000    0    4.000   1.0000          NULL 
169.0000    7    1.000   1.0000           NS2
170.0000    0    4.000   1.0000          NULL 
174.0000   11    1.000   1.0000         NOVEL
175.0000    0    4.000   1.0000          NULL 
179.0000    5    1.000   1.0000         CSing
180.0000    0    5.000   1.0000          NULL 
185.0000   10    1.000   1.0000         NSing
186.0000    0    6.000   1.0000          NULL 
192.0000    9    1.000   1.0000           ND2
193.0000    0    7.000   1.0000          NULL 
200.0000    8    1.000   1.0000           ND1
201.0000    0    4.000   1.0000          NULL 
205.0000    8    1.000   1.0000           ND1
206.0000    0    4.000   1.0000          NULL 
210.0000   11    1.000   1.0000         NOVEL
211.0000    0    4.000   1.0000          NULL 
215.0000    5    1.000   1.0000         CSing
216.0000    0    6.000   1.0000          NULL 
222.0000   11    1.000   1.0000         NOVEL
223.0000    0    4.000   1.0000          NULL 
227.0000   10    1.000   1.0000         NSing
228.0000    0    4.000   1.0000          NULL 
232.0000   10    1.000   1.0000         NSing
233.0000    0    6.000   1.0000          NULL 
239.0000    1    1.000   1.0000           CS1
240.0000    0    4.000   1.0000          NULL 
244.0000    3    1.000   1.0000           CD1
245.0000    0    4.000   1.0000          NULL 
249.0000    1    1.000   1.0000           CS1
250.0000    0    8.000   1.0000          NULL 
258.0000    1    1.000   1.0000           CS1
259.0000    0    4.000   1.0000          NULL 
263.0000   11    1.000   1.0000         NOVEL
264.0000    0    4.000   1.0000          NULL 
268.0000    9    1.000   1.0000           ND2
269.0000    0    6.000   1.0000          NULL 
275.0000    5    1.000   1.0000         CSing
276.0000    0    6.000   1.0000          NULL 
282.0000    1    1.000   1.0000           CS1
283.0000    0    4.000   1.0000          NULL 
287.0000   10    1.000   1.0000         NSing
288.0000    0    4.000   1.0000          NULL 
292.0000    5    1.000   1.0000         CSing
293.0000    0    4.000   1.0000          NULL 
297.0000    6    1.000   1.0000           NS1
298.0000    0    8.000   1.0000          NULL 
306.0000    3    1.000   1.0000           CD1
307.0000    0    4.000   1.0000          NULL 
311.0000   11    1.000   1.0000         NOVEL
312.0000    0    4.000   1.0000          NULL 
316.0000    8    1.000   1.0000           ND1
317.0000    0    5.000   1.0000          NULL 
322.0000    2    1.000   1.0000           CS2
323.0000    0    6.000   1.0000          NULL 
329.0000   11    1.000   1.0000         NOVEL
330.0000    0    6.000   1.0000          NULL 
