  0.0000    9    1.000   1.0000           ND2
  1.0000    0    5.000   1.0000          NULL 
  6.0000    2    1.000   1.0000           CS2
  7.0000    0    4.000   1.0000          NULL 
 11.0000    5    1.000   1.0000         CSing
 12.0000    0    5.000   1.0000          NULL 
 17.0000    3    1.000   1.0000           CD1
 18.0000    0    4.000   1.0000          NULL 
 22.0000    7    1.000   1.0000           NS2
 23.0000    0    4.000   1.0000          NULL 
 27.0000   10    1.000   1.0000         NSing
 28.0000    0    4.000   1.0000          NULL 
 32.0000    5    1.000   1.0000         CSing
 33.0000    0    4.000   1.0000          NULL 
 37.0000    4    1.000   1.0000           CD2
 38.0000    0    4.000   1.0000          NULL 
 42.0000    4    1.000   1.0000           CD2
 43.0000    0    4.000   1.0000          NULL 
 47.0000    8    1.000   1.0000           ND1
 48.0000    0    4.000   1.0000          NULL 
 52.0000    5    1.000   1.0000         CSing
 53.0000    0    4.000   1.0000          NULL 
 57.0000    3    1.000   1.0000           CD1
 58.0000    0    6.000   1.0000          NULL 
 64.0000    5    1.000   1.0000         CSing
 65.0000    0    6.000   1.0000          NULL 
 71.0000    6    1.000   1.0000           NS1
 72.0000    0    6.000   1.0000          NULL 
 78.0000   11    1.000   1.0000         NOVEL
 79.0000    0    4.000   1.0000          NULL 
 83.0000    7    1.000   1.0000           NS2
 84.0000    0    8.000   1.0000          NULL 
 92.0000    8    1.000   1.0000           ND1
 93.0000    0    4.000   1.0000          NULL 
 97.0000    6    1.000   1.0000           NS1
 98.0000    0    4.000   1.0000          NULL 
102.0000   10    1.000   1.0000         NSing
103.0000    0    5.000   1.0000          NULL 
108.0000    5    1.000   1.0000         CSing
109.0000    0    6.000   1.0000          NULL 
115.0000   10    1.000   1.0000         NSing
116.0000    0    4.000   1.0000          NULL 
120.0000   11    1.000   1.0000         NOVEL
121.0000    0    7.000   1.0000          NULL 
128.0000   11    1.000   1.0000         NOVEL
129.0000    0    4.000   1.0000          NULL 
133.0000   10    1.000   1.0000         NSing
134.0000    0    4.000   1.0000          NULL 
138.0000   11    1.000   1.0000         NOVEL
139.0000    0    4.000   1.0000          NULL 
143.0000    5    1.000   1.0000         CSing
144.0000    0    4.000   1.0000          NULL 
148.0000    1    1.000   1.0000           CS1
149.0000    0    6.000   1.0000          NULL 
155.0000    4    1.000   1.0000           CD2
156.0000    0    7.000   1.0000          NULL 
163.0000    8    1.000   1.0000           ND1
164.0000    0    8.000   1.0000          NULL 
172.0000   10    1.000   1.0000         NSing
173.0000    0    4.000   1.0000          NULL 
177.0000    9    1.000   1.0000           ND2
178.0000    0    4.000   1.0000          NULL 
182.0000    2    1.000   1.0000           CS2
183.0000    0    5.000   1.0000          NULL 
188.0000    7    1.000   1.0000           NS2
189.0000    0    6.000   1.0000          NULL 
195.0000    2    1.000   1.0000           CS2
196.0000    0    4.000   1.0000          NULL 
200.0000    1    1.000   1.0000           CS1
201.0000    0    4.000   1.0000          NULL 
205.0000   10    1.000   1.0000         NSing
206.0000    0    5.000   1.0000          NULL 
211.0000    6    1.000   1.0000           NS1
212.0000    0    4.000   1.0000          NULL 
216.0000    9    1.000   1.0000           ND2
217.0000    0    4.000   1.0000          NULL 
221.0000    1    1.000   1.0000           CS1
222.0000    0   13.000   1.0000          NULL 
235.0000    4    1.000   1.0000           CD2
236.0000    0    4.000   1.0000          NULL 
240.0000    3    1.000   1.0000           CD1
241.0000    0    6.000   1.0000          NULL 
247.0000   11    1.000   1.0000         NOVEL
248.0000    0    4.000   1.0000          NULL 
252.0000    2    1.000   1.0000           CS2
253.0000    0    7.000   1.0000          NULL 
260.0000    5    1.000   1.0000         CSing
261.0000    0    5.000   1.0000          NULL 
266.0000    5    1.000   1.0000         CSing
267.0000    0    4.000   1.0000          NULL 
271.0000   10    1.000   1.0000         NSing
272.0000    0    5.000   1.0000          NULL 
277.0000    8    1.000   1.0000           ND1
278.0000    0    6.000   1.0000          NULL 
284.0000   11    1.000   1.0000         NOVEL
285.0000    0    4.000   1.0000          NULL 
289.0000    3    1.000   1.0000           CD1
290.0000    0    4.000   1.0000          NULL 
294.0000    9    1.000   1.0000           ND2
295.0000    0    6.000   1.0000          NULL 
301.0000    6    1.000   1.0000           NS1
302.0000    0    4.000   1.0000          NULL 
306.0000   11    1.000   1.0000         NOVEL
307.0000    0    5.000   1.0000          NULL 
312.0000   11    1.000   1.0000         NOVEL
313.0000    0    6.000   1.0000          NULL 
319.0000    1    1.000   1.0000           CS1
320.0000    0    4.000   1.0000          NULL 
324.0000    7    1.000   1.0000           NS2
325.0000    0    5.000   1.0000          NULL 
330.0000   10    1.000   1.0000         NSing
331.0000    0    5.000   1.0000          NULL 
