  0.0000    4    1.000   1.0000           CD2
  1.0000    0    4.000   1.0000          NULL 
  5.0000   11    1.000   1.0000         NOVEL
  6.0000    0    4.000   1.0000          NULL 
 10.0000   11    1.000   1.0000         NOVEL
 11.0000    0    4.000   1.0000          NULL 
 15.0000   11    1.000   1.0000         NOVEL
 16.0000    0    4.000   1.0000          NULL 
 20.0000    3    1.000   1.0000           CD1
 21.0000    0    6.000   1.0000          NULL 
 27.0000    4    1.000   1.0000           CD2
 28.0000    0    5.000   1.0000          NULL 
 33.0000    6    1.000   1.0000           NS1
 34.0000    0    4.000   1.0000          NULL 
 38.0000    7    1.000   1.0000           NS2
 39.0000    0    4.000   1.0000          NULL 
 43.0000   10    1.000   1.0000         NSing
 44.0000    0    4.000   1.0000          NULL 
 48.0000    5    1.000   1.0000         CSing
 49.0000    0    5.000   1.0000          NULL 
 54.0000    6    1.000   1.0000           NS1
 55.0000    0    4.000   1.0000          NULL 
 59.0000    1    1.000   1.0000           CS1
 60.0000    0    4.000   1.0000          NULL 
 64.0000    5    1.000   1.0000         CSing
 65.0000    0    4.000   1.0000          NULL 
 69.0000    2    1.000   1.0000           CS2
 70.0000    0    4.000   1.0000          NULL 
 74.0000    5    1.000   1.0000         CSing
 75.0000    0    6.000   1.0000          NULL 
 81.0000    1    1.000   1.0000           CS1
 82.0000    0    8.000   1.0000          NULL 
 90.0000    5    1.000   1.0000         CSing
 91.0000    0    4.000   1.0000          NULL 
 95.0000    1    1.000   1.0000           CS1
 96.0000    0    4.000   1.0000          NULL 
100.0000    4    1.000   1.0000           CD2
101.0000    0    4.000   1.0000          NULL 
105.0000    6    1.000   1.0000           NS1
106.0000    0    8.000   1.0000          NULL 
114.0000    5    1.000   1.0000         CSing
115.0000    0    4.000   1.0000          NULL 
119.0000   11    1.000   1.0000         NOVEL
120.0000    0    8.000   1.0000          NULL 
128.0000    9    1.000   1.0000           ND2
129.0000    0    5.000   1.0000          NULL 
134.0000   10    1.000   1.0000         NSing
135.0000    0    7.000   1.0000          NULL 
142.0000    2    1.000   1.0000           CS2
143.0000    0    4.000   1.0000          NULL 
147.0000   10    1.000   1.0000         NSing
148.0000    0    4.000   1.0000          NULL 
152.0000    9    1.000   1.0000           ND2
153.0000    0    4.000   1.0000          NULL 
157.0000    2    1.000   1.0000           CS2
158.0000    0    6.000   1.0000          NULL 
164.0000   10    1.000   1.0000         NSing
165.0000    0    5.000   1.0000          NULL 
170.0000    8    1.000   1.0000           ND1
171.0000    0    4.000   1.0000          NULL 
175.0000    6    1.000   1.0000           NS1
176.0000    0    4.000   1.0000          NULL 
180.0000   10    1.000   1.0000         NSing
181.0000    0    6.000   1.0000          NULL 
187.0000    7    1.000   1.0000           NS2
188.0000    0    6.000   1.0000          NULL 
194.0000    4    1.000   1.0000           CD2
195.0000    0    4.000   1.0000          NULL 
199.0000   10    1.000   1.0000         NSing
200.0000    0    5.000   1.0000          NULL 
205.0000    9    1.000   1.0000           ND2
206.0000    0    4.000   1.0000          NULL 
210.0000    7    1.000   1.0000           NS2
211.0000    0    4.000   1.0000          NULL 
215.0000   11    1.000   1.0000         NOVEL
216.0000    0    8.000   1.0000          NULL 
224.0000    5    1.000   1.0000         CSing
225.0000    0    5.000   1.0000          NULL 
230.0000    3    1.000   1.0000           CD1
231.0000    0    4.000   1.0000          NULL 
235.0000   11    1.000   1.0000         NOVEL
236.0000    0    7.000   1.0000          NULL 
243.0000    8    1.000   1.0000           ND1
244.0000    0    5.000   1.0000          NULL 
249.0000    8    1.000   1.0000           ND1
250.0000    0   10.000   1.0000          NULL 
260.0000    1    1.000   1.0000           CS1
261.0000    0    4.000   1.0000          NULL 
265.0000    3    1.000   1.0000           CD1
266.0000    0    4.000   1.0000          NULL 
270.0000    5    1.000   1.0000         CSing
271.0000    0    4.000   1.0000          NULL 
275.0000    8    1.000   1.0000           ND1
276.0000    0    4.000   1.0000          NULL 
280.0000    3    1.000   1.0000           CD1
281.0000    0    4.000   1.0000          NULL 
285.0000    2    1.000   1.0000           CS2
286.0000    0    5.000   1.0000          NULL 
291.0000   11    1.000   1.0000         NOVEL
292.0000    0    6.000   1.0000          NULL 
298.0000    5    1.000   1.0000         CSing
299.0000    0    4.000   1.0000          NULL 
303.0000   10    1.000   1.0000         NSing
304.0000    0    8.000   1.0000          NULL 
312.0000    9    1.000   1.0000           ND2
313.0000    0    7.000   1.0000          NULL 
320.0000   10    1.000   1.0000         NSing
321.0000    0    4.000   1.0000          NULL 
325.0000    7    1.000   1.0000           NS2
326.0000    0    5.000   1.0000          NULL 
331.0000   11    1.000   1.0000         NOVEL
332.0000    0    4.000   1.0000          NULL 
