  0.0000    7    1.000   1.0000           NS2
  1.0000    0    4.000   1.0000          NULL 
  5.0000    5    1.000   1.0000         CSing
  6.0000    0    8.000   1.0000          NULL 
 14.0000    5    1.000   1.0000         CSing
 15.0000    0    7.000   1.0000          NULL 
 22.0000   10    1.000   1.0000         NSing
 23.0000    0    4.000   1.0000          NULL 
 27.0000    4    1.000   1.0000           CD2
 28.0000    0    5.000   1.0000          NULL 
 33.0000   11    1.000   1.0000         NOVEL
 34.0000    0    4.000   1.0000          NULL 
 38.0000    3    1.000   1.0000           CD1
 39.0000    0    7.000   1.0000          NULL 
 46.0000    7    1.000   1.0000           NS2
 47.0000    0    5.000   1.0000          NULL 
 52.0000    8    1.000   1.0000           ND1
 53.0000    0    4.000   1.0000          NULL 
 57.0000    4    1.000   1.0000           CD2
 58.0000    0    4.000   1.0000          NULL 
 62.0000    6    1.000   1.0000           NS1
 63.0000    0    4.000   1.0000          NULL 
 67.0000    9    1.000   1.0000           ND2
 68.0000    0    4.000   1.0000          NULL 
 72.0000    1    1.000   1.0000           CS1
 73.0000    0    6.000   1.0000          NULL 
 79.0000    2    1.000   1.0000           CS2
 80.0000    0    7.000   1.0000          NULL 
 87.0000    9    1.000   1.0000           ND2
 88.0000    0    4.000   1.0000          NULL 
 92.0000    5    1.000   1.0000         CSing
 93.0000    0    4.000   1.0000          NULL 
 97.0000    9    1.000   1.0000           ND2
 98.0000    0    9.000   1.0000          NULL 
107.0000    2    1.000   1.0000           CS2
108.0000    0    7.000   1.0000          NULL 
115.0000    1    1.000   1.0000           CS1
116.0000    0    4.000   1.0000          NULL 
120.0000   10    1.000   1.0000         NSing
121.0000    0    4.000   1.0000          NULL 
125.0000    3    1.000   1.0000           CD1
126.0000    0    4.000   1.0000          NULL 
130.0000    6    1.000   1.0000           NS1
131.0000    0    4.000   1.0000          NULL 
135.0000   11    1.000   1.0000         NOVEL
136.0000    0    4.000   1.0000          NULL 
140.0000   11    1.000   1.0000         NOVEL
141.0000    0    5.000   1.0000          NULL 
146.0000    5    1.000   1.0000         CSing
147.0000    0    4.000   1.0000          NULL 
151.0000   10    1.000   1.0000         NSing
152.0000    0    4.000   1.0000          NULL 
156.0000   10    1.000   1.0000         NSing
157.0000    0    4.000   1.0000          NULL 
161.0000   11    1.000   1.0000         NOVEL
162.0000    0    6.000   1.0000          NULL 
168.0000   11    1.000   1.0000         NOVEL
169.0000    0    6.000   1.0000          NULL 
175.0000    8    1.000   1.0000           ND1
176.0000    0    5.000   1.0000          NULL 
181.0000    6    1.000   1.0000           NS1
182.0000    0    7.000   1.0000          NULL 
189.0000    3    1.000   1.0000           CD1
190.0000    0    4.000   1.0000          NULL 
194.0000    8    1.000   1.0000           ND1
195.0000    0    4.000   1.0000          NULL 
199.0000   11    1.000   1.0000         NOVEL
200.0000    0    4.000   1.0000          NULL 
204.0000    5    1.000   1.0000         CSing
205.0000    0    5.000   1.0000          NULL 
210.0000    1    1.000   1.0000           CS1
211.0000    0    4.000   1.0000          NULL 
215.0000   11    1.000   1.0000         NOVEL
216.0000    0    5.000   1.0000          NULL 
221.0000   10    1.000   1.0000         NSing
222.0000    0    6.000   1.0000          NULL 
228.0000    7    1.000   1.0000           NS2
229.0000    0    5.000   1.0000          NULL 
234.0000    5    1.000   1.0000         CSing
235.0000    0    4.000   1.0000          NULL 
239.0000    5    1.000   1.0000         CSing
240.0000    0    4.000   1.0000          NULL 
244.0000    2    1.000   1.0000           CS2
245.0000    0    4.000   1.0000          NULL 
249.0000    4    1.000   1.0000           CD2
250.0000    0    8.000   1.0000          NULL 
258.0000    2    1.000   1.0000           CS2
259.0000    0    4.000   1.0000          NULL 
263.0000    1    1.000   1.0000           CS1
264.0000    0    5.000   1.0000          NULL 
269.0000    9    1.000   1.0000           ND2
270.0000    0    4.000   1.0000          NULL 
274.0000    3    1.000   1.0000           CD1
275.0000    0    7.000   1.0000          NULL 
282.0000   11    1.000   1.0000         NOVEL
283.0000    0    4.000   1.0000          NULL 
287.0000   10    1.000   1.0000         NSing
288.0000    0    4.000   1.0000          NULL 
292.0000    6    1.000   1.0000           NS1
293.0000    0    7.000   1.0000          NULL 
300.0000    4    1.000   1.0000           CD2
301.0000    0    4.000   1.0000          NULL 
305.0000    5    1.000   1.0000         CSing
306.0000    0    4.000   1.0000          NULL 
310.0000    7    1.000   1.0000           NS2
311.0000    0    5.000   1.0000          NULL 
316.0000   10    1.000   1.0000         NSing
317.0000    0    5.000   1.0000          NULL 
322.0000    8    1.000   1.0000           ND1
323.0000    0    4.000   1.0000          NULL 
327.0000   10    1.000   1.0000         NSing
328.0000    0    8.000   1.0000          NULL 
