  0.0000    2    1.000   1.0000           CS2
  1.0000    0    7.000   1.0000          NULL 
  8.0000   10    1.000   1.0000         NSing
  9.0000    0    4.000   1.0000          NULL 
 13.0000   10    1.000   1.0000         NSing
 14.0000    0    4.000   1.0000          NULL 
 18.0000    4    1.000   1.0000           CD2
 19.0000    0    4.000   1.0000          NULL 
 23.0000    3    1.000   1.0000           CD1
 24.0000    0    5.000   1.0000          NULL 
 29.0000   10    1.000   1.0000         NSing
 30.0000    0    4.000   1.0000          NULL 
 34.0000    6    1.000   1.0000           NS1
 35.0000    0    5.000   1.0000          NULL 
 40.0000    8    1.000   1.0000           ND1
 41.0000    0    5.000   1.0000          NULL 
 46.0000    8    1.000   1.0000           ND1
 47.0000    0    4.000   1.0000          NULL 
 51.0000    8    1.000   1.0000           ND1
 52.0000    0    8.000   1.0000          NULL 
 60.0000    6    1.000   1.0000           NS1
 61.0000    0    4.000   1.0000          NULL 
 65.0000    7    1.000   1.0000           NS2
 66.0000    0    5.000   1.0000          NULL 
 71.0000   11    1.000   1.0000         NOVEL
 72.0000    0    5.000   1.0000          NULL 
 77.0000    1    1.000   1.0000           CS1
 78.0000    0    4.000   1.0000          NULL 
 82.0000    1    1.000   1.0000           CS1
 83.0000    0    4.000   1.0000          NULL 
 87.0000    5    1.000   1.0000         CSing
 88.0000    0    4.000   1.0000          NULL 
 92.0000    3    1.000   1.0000           CD1
 93.0000    0    5.000   1.0000          NULL 
 98.0000    2    1.000   1.0000           CS2
 99.0000    0    5.000   1.0000          NULL 
104.0000    4    1.000   1.0000           CD2
105.0000    0    5.000   1.0000          NULL 
110.0000   10    1.000   1.0000         NSing
111.0000    0    4.000   1.0000          NULL 
115.0000    5    1.000   1.0000         CSing
116.0000    0    5.000   1.0000          NULL 
121.0000    5    1.000   1.0000         CSing
122.0000    0    5.000   1.0000          NULL 
127.0000    2    1.000   1.0000           CS2
128.0000    0    5.000   1.0000          NULL 
133.0000   11    1.000   1.0000         NOVEL
134.0000    0    4.000   1.0000          NULL 
138.0000    3    1.000   1.0000           CD1
139.0000    0    4.000   1.0000          NULL 
143.0000   11    1.000   1.0000         NOVEL
144.0000    0    4.000   1.0000          NULL 
148.0000    7    1.000   1.0000           NS2
149.0000    0    5.000   1.0000          NULL 
154.0000    2    1.000   1.0000           CS2
155.0000    0    5.000   1.0000          NULL 
160.0000    8    1.000   1.0000           ND1
161.0000    0    4.000   1.0000          NULL 
165.0000    1    1.000   1.0000           CS1
166.0000    0    7.000   1.0000          NULL 
173.0000    6    1.000   1.0000           NS1
174.0000    0    5.000   1.0000          NULL 
179.0000   11    1.000   1.0000         NOVEL
180.0000    0    5.000   1.0000          NULL 
185.0000    4    1.000   1.0000           CD2
186.0000    0    4.000   1.0000          NULL 
190.0000    5    1.000   1.0000         CSing
191.0000    0    5.000   1.0000          NULL 
196.0000    6    1.000   1.0000           NS1
197.0000    0    5.000   1.0000          NULL 
202.0000   10    1.000   1.0000         NSing
203.0000    0    5.000   1.0000          NULL 
208.0000   10    1.000   1.0000         NSing
209.0000    0    5.000   1.0000          NULL 
214.0000    9    1.000   1.0000           ND2
215.0000    0    4.000   1.0000          NULL 
219.0000   11    1.000   1.0000         NOVEL
220.0000    0    8.000   1.0000          NULL 
228.0000    1    1.000   1.0000           CS1
229.0000    0    6.000   1.0000          NULL 
235.0000    5    1.000   1.0000         CSing
236.0000    0    4.000   1.0000          NULL 
240.0000    9    1.000   1.0000           ND2
241.0000    0    6.000   1.0000          NULL 
247.0000   11    1.000   1.0000         NOVEL
248.0000    0    6.000   1.0000          NULL 
254.0000   10    1.000   1.0000         NSing
255.0000    0    4.000   1.0000          NULL 
259.0000    7    1.000   1.0000           NS2
260.0000    0    4.000   1.0000          NULL 
264.0000   10    1.000   1.0000         NSing
265.0000    0    4.000   1.0000          NULL 
269.0000   11    1.000   1.0000         NOVEL
270.0000    0    5.000   1.0000          NULL 
275.0000    9    1.000   1.0000           ND2
276.0000    0    7.000   1.0000          NULL 
283.0000    4    1.000   1.0000           CD2
284.0000    0    7.000   1.0000          NULL 
291.0000   11    1.000   1.0000         NOVEL
292.0000    0    4.000   1.0000          NULL 
296.0000    9    1.000   1.0000           ND2
297.0000    0    4.000   1.0000          NULL 
301.0000    5    1.000   1.0000         CSing
302.0000    0    4.000   1.0000          NULL 
306.0000    5    1.000   1.0000         CSing
307.0000    0    7.000   1.0000          NULL 
314.0000    7    1.000   1.0000           NS2
315.0000    0    5.000   1.0000          NULL 
320.0000    5    1.000   1.0000         CSing
321.0000    0   10.000   1.0000          NULL 
331.0000    3    1.000   1.0000           CD1
332.0000    0    4.000   1.0000          NULL 
