  0.0000    3    1.000   1.0000           CD1
  1.0000    0    5.000   1.0000          NULL 
  6.0000    8    1.000   1.0000           ND1
  7.0000    0    6.000   1.0000          NULL 
 13.0000    8    1.000   1.0000           ND1
 14.0000    0    6.000   1.0000          NULL 
 20.0000    5    1.000   1.0000         CSing
 21.0000    0    4.000   1.0000          NULL 
 25.0000   10    1.000   1.0000         NSing
 26.0000    0    4.000   1.0000          NULL 
 30.0000    7    1.000   1.0000           NS2
 31.0000    0    4.000   1.0000          NULL 
 35.0000    8    1.000   1.0000           ND1
 36.0000    0    4.000   1.0000          NULL 
 40.0000   10    1.000   1.0000         NSing
 41.0000    0    8.000   1.0000          NULL 
 49.0000    4    1.000   1.0000           CD2
 50.0000    0    5.000   1.0000          NULL 
 55.0000   11    1.000   1.0000         NOVEL
 56.0000    0    4.000   1.0000          NULL 
 60.0000    9    1.000   1.0000           ND2
 61.0000    0    4.000   1.0000          NULL 
 65.0000    9    1.000   1.0000           ND2
 66.0000    0    6.000   1.0000          NULL 
 72.0000    6    1.000   1.0000           NS1
 73.0000    0    6.000   1.0000          NULL 
 79.0000   11    1.000   1.0000         NOVEL
 80.0000    0    5.000   1.0000          NULL 
 85.0000   10    1.000   1.0000         NSing
 86.0000    0    4.000   1.0000          NULL 
 90.0000    9    1.000   1.0000           ND2
 91.0000    0    4.000   1.0000          NULL 
 95.0000    1    1.000   1.0000           CS1
 96.0000    0   11.000   1.0000          NULL 
107.0000   10    1.000   1.0000         NSing
108.0000    0    7.000   1.0000          NULL 
115.0000    7    1.000   1.0000           NS2
116.0000    0    4.000   1.0000          NULL 
120.0000    1    1.000   1.0000           CS1
121.0000    0    4.000   1.0000          NULL 
125.0000    6    1.000   1.0000           NS1
126.0000    0    4.000   1.0000          NULL 
130.0000    5    1.000   1.0000         CSing
131.0000    0    4.000   1.0000          NULL 
135.0000   10    1.000   1.0000         NSing
136.0000    0    4.000   1.0000          NULL 
140.0000    5    1.000   1.0000         CSing
141.0000    0    7.000   1.0000          NULL 
148.0000    2    1.000   1.0000           CS2
149.0000    0    4.000   1.0000          NULL 
153.0000   10    1.000   1.0000         NSing
154.0000    0    6.000   1.0000          NULL 
160.0000    6    1.000   1.0000           NS1
161.0000    0    4.000   1.0000          NULL 
165.0000    1    1.000   1.0000           CS1
166.0000    0    6.000   1.0000          NULL 
172.0000    5    1.000   1.0000         CSing
173.0000    0    4.000   1.0000          NULL 
177.0000    2    1.000   1.0000           CS2
178.0000    0    4.000   1.0000          NULL 
182.0000    7    1.000   1.0000           NS2
183.0000    0    4.000   1.0000          NULL 
187.0000   11    1.000   1.0000         NOVEL
188.0000    0    5.000   1.0000          NULL 
193.0000    4    1.000   1.0000           CD2
194.0000    0    6.000   1.0000          NULL 
200.0000    1    1.000   1.0000           CS1
201.0000    0    4.000   1.0000          NULL 
205.0000    5    1.000   1.0000         CSing
206.0000    0    4.000   1.0000          NULL 
210.0000   10    1.000   1.0000         NSing
211.0000    0    5.000   1.0000          NULL 
216.0000    7    1.000   1.0000           NS2
217.0000    0    6.000   1.0000          NULL 
223.0000    3    1.000   1.0000           CD1
224.0000    0    5.000   1.0000          NULL 
229.0000    3    1.000   1.0000           CD1
230.0000    0    4.000   1.0000          NULL 
234.0000    5    1.000   1.0000         CSing
235.0000    0    7.000   1.0000          NULL 
242.0000    6    1.000   1.0000           NS1
243.0000    0    4.000   1.0000          NULL 
247.0000    2    1.000   1.0000           CS2
248.0000    0    6.000   1.0000          NULL 
254.0000    5    1.000   1.0000         CSing
255.0000    0    5.000   1.0000          NULL 
260.0000    8    1.000   1.0000           ND1
261.0000    0    7.000   1.0000          NULL 
268.0000   11    1.000   1.0000         NOVEL
269.0000    0    5.000   1.0000          NULL 
274.0000    5    1.000   1.0000         CSing
275.0000    0    5.000   1.0000          NULL 
280.0000   11    1.000   1.0000         NOVEL
281.0000    0    5.000   1.0000          NULL 
286.0000    3    1.000   1.0000           CD1
287.0000    0    4.000   1.0000          NULL 
291.0000   11    1.000   1.0000         NOVEL
292.0000    0    5.000   1.0000          NULL 
297.0000   11    1.000   1.0000         NOVEL
298.0000    0    4.000   1.0000          NULL 
302.0000    2    1.000   1.0000           CS2
303.0000    0    6.000   1.0000          NULL 
309.0000   10    1.000   1.0000         NSing
310.0000    0    5.000   1.0000          NULL 
315.0000    9    1.000   1.0000           ND2
316.0000    0    4.000   1.0000          NULL 
320.0000    4    1.000   1.0000           CD2
321.0000    0    4.000   1.0000          NULL 
325.0000    4    1.000   1.0000           CD2
326.0000    0    4.000   1.0000          NULL 
330.0000   11    1.000   1.0000         NOVEL
331.0000    0    5.000   1.0000          NULL 
