  0.0000    5    1.000   1.0000         CSing
  1.0000    0    4.000   1.0000          NULL 
  5.0000    2    1.000   1.0000           CS2
  6.0000    0    4.000   1.0000          NULL 
 10.0000    6    1.000   1.0000           NS1
 11.0000    0    6.000   1.0000          NULL 
 17.0000    6    1.000   1.0000           NS1
 18.0000    0    7.000   1.0000          NULL 
 25.0000    5    1.000   1.0000         CSing
 26.0000    0    4.000   1.0000          NULL 
 30.0000    7    1.000   1.0000           NS2
 31.0000    0    6.000   1.0000          NULL 
 37.0000   10    1.000   1.0000         NSing
 38.0000    0    4.000   1.0000          NULL 
 42.0000   11    1.000   1.0000         NOVEL
 43.0000    0    5.000   1.0000          NULL 
 48.0000    8    1.000   1.0000           ND1
 49.0000    0    7.000   1.0000          NULL 
 56.0000    4    1.000   1.0000           CD2
 57.0000    0    4.000   1.0000          NULL 
 61.0000    5    1.000   1.0000         CSing
 62.0000    0    4.000   1.0000          NULL 
 66.0000    3    1.000   1.0000           CD1
 67.0000    0    4.000   1.0000          NULL 
 71.0000    4    1.000   1.0000           CD2
 72.0000    0    5.000   1.0000          NULL 
 77.0000   11    1.000   1.0000         NOVEL
 78.0000    0    5.000   1.0000          NULL 
 83.0000    2    1.000   1.0000           CS2
 84.0000    0    4.000   1.0000          NULL 
 88.0000    5    1.000   1.0000         CSing
 89.0000    0    5.000   1.0000          NULL 
 94.0000    9    1.000   1.0000           ND2
 95.0000    0    5.000   1.0000          NULL 
100.0000    5    1.000   1.0000         CSing
101.0000    0    5.000   1.0000          NULL 
106.0000    4    1.000   1.0000           CD2
107.0000    0    7.000   1.0000          NULL 
114.0000    6    1.000   1.0000           NS1
115.0000    0    5.000   1.0000          NULL 
120.0000   11    1.000   1.0000         NOVEL
121.0000    0    5.000   1.0000          NULL 
126.0000   10    1.000   1.0000         NSing
127.0000    0    5.000   1.0000          NULL 
132.0000    9    1.000   1.0000           ND2
133.0000    0    6.000   1.0000          NULL 
139.0000   11    1.000   1.0000         NOVEL
140.0000    0    4.000   1.0000          NULL 
144.0000    1    1.000   1.0000           CS1
145.0000    0    5.000   1.0000          NULL 
150.0000    3    1.000   1.0000           CD1
151.0000    0    6.000   1.0000          NULL 
157.0000    4    1.000   1.0000           CD2
158.0000    0    4.000   1.0000          NULL 
162.0000   10    1.000   1.0000         NSing
163.0000    0    4.000   1.0000          NULL 
167.0000   10    1.000   1.0000         NSing
168.0000    0    4.000   1.0000          NULL 
172.0000   10    1.000   1.0000         NSing
173.0000    0    4.000   1.0000          NULL 
177.0000    9    1.000   1.0000           ND2
178.0000    0    5.000   1.0000          NULL 
183.0000   10    1.000   1.0000         NSing
184.0000    0    4.000   1.0000          NULL 
188.0000    7    1.000   1.0000           NS2
189.0000    0    4.000   1.0000          NULL 
193.0000    9    1.000   1.0000           ND2
194.0000    0    5.000   1.0000          NULL 
199.0000    3    1.000   1.0000           CD1
200.0000    0    5.000   1.0000          NULL 
205.0000    5    1.000   1.0000         CSing
206.0000    0    7.000   1.0000          NULL 
213.0000   11    1.000   1.0000         NOVEL
214.0000    0    4.000   1.0000          NULL 
218.0000   10    1.000   1.0000         NSing
219.0000    0    5.000   1.0000          NULL 
224.0000    5    1.000   1.0000         CSing
225.0000    0    4.000   1.0000          NULL 
229.0000   11    1.000   1.0000         NOVEL
230.0000    0    5.000   1.0000          NULL 
235.0000    3    1.000   1.0000           CD1
236.0000    0    6.000   1.0000          NULL 
242.0000    1    1.000   1.0000           CS1
243.0000    0    4.000   1.0000          NULL 
247.0000   11    1.000   1.0000         NOVEL
248.0000    0    7.000   1.0000          NULL 
255.0000    8    1.000   1.0000           ND1
256.0000    0    4.000   1.0000          NULL 
260.0000    1    1.000   1.0000           CS1
261.0000    0    9.000   1.0000          NULL 
270.0000    2    1.000   1.0000           CS2
271.0000    0    4.000   1.0000          NULL 
275.0000   11    1.000   1.0000         NOVEL
276.0000    0    4.000   1.0000          NULL 
280.0000    7    1.000   1.0000           NS2
281.0000    0    6.000   1.0000          NULL 
287.0000    6    1.000   1.0000           NS1
288.0000    0    5.000   1.0000          NULL 
293.0000    7    1.000   1.0000           NS2
294.0000    0    7.000   1.0000          NULL 
301.0000    8    1.000   1.0000           ND1
302.0000    0    4.000   1.0000          NULL 
306.0000    8    1.000   1.0000           ND1
307.0000    0    4.000   1.0000          NULL 
311.0000   10    1.000   1.0000         NSing
312.0000    0    4.000   1.0000          NULL 
316.0000    2    1.000   1.0000           CS2
317.0000    0    5.000   1.0000          NULL 
322.0000    5    1.000   1.0000         CSing
323.0000    0    5.000   1.0000          NULL 
328.0000    1    1.000   1.0000           CS1
329.0000    0    7.000   1.0000          NULL 
